35 82
35 13
35 5
35 63
35 84
35 24
35 65
35 59
35 41
35 54
35 7
35 0
35 37
35 91
35 1
35 20
35 81
35 93
35 78
35 4
35 18
35 22
35 98
35 60
35 27
35 34
35 19
35 23
35 25
35 74
35 53
35 95
35 92
35 62
35 96
35 43
35 77
35 50
35 47
35 15
35 69
35 90
35 94
35 28
35 10
35 75
35 66
35 33
35 71
35 88
35 11
35 14
35 70
35 26
35 44
35 6
35 9
35 45
35 51
35 83
35 89
35 12
35 49
35 56
35 67
35 36
35 85
35 32
99 82
99 13
99 84
99 65
99 59
99 0
99 37
99 91
99 20
99 46
99 81
99 80
99 4
99 22
99 86
99 68
99 34
99 61
99 23
99 74
99 53
99 95
99 38
99 96
99 72
99 77
99 47
99 15
99 79
99 17
99 94
99 28
99 10
99 66
99 76
99 44
99 45
99 16
99 49
99 56
99 36
99 85
99 32
82 5
82 63
82 84
82 24
82 65
82 59
82 41
82 39
82 0
82 37
82 91
82 1
82 20
82 46
82 93
82 80
82 78
82 22
82 86
82 60
82 48
82 52
82 34
82 19
82 61
82 74
82 53
82 95
82 38
82 96
82 50
82 47
82 64
82 15
82 17
82 2
82 90
82 28
82 10
82 31
82 66
82 33
82 71
82 11
82 14
82 70
82 9
82 57
82 16
82 42
82 89
82 87
82 67
82 36
82 85
13 5
13 63
13 65
13 59
13 41
13 39
13 54
13 29
13 8
13 58
13 37
13 91
13 1
13 30
13 20
13 46
13 80
13 18
13 22
13 98
13 60
13 48
13 52
13 27
13 19
13 61
13 23
13 25
13 95
13 92
13 62
13 96
13 50
13 47
13 64
13 79
13 17
13 2
13 28
13 31
13 75
13 66
13 71
13 88
13 11
13 70
13 3
13 6
13 9
13 45
13 16
13 51
13 21
13 73
13 42
13 40
13 89
13 87
13 56
13 67
13 55
5 63
5 65
5 59
5 41
5 54
5 29
5 0
5 8
5 58
5 91
5 1
5 30
5 46
5 81
5 93
5 18
5 22
5 86
5 60
5 48
5 52
5 27
5 34
5 19
5 61
5 25
5 74
5 53
5 95
5 92
5 97
5 62
5 96
5 72
5 43
5 77
5 50
5 47
5 64
5 79
5 17
5 94
5 28
5 10
5 33
5 71
5 11
5 14
5 70
5 3
5 26
5 44
5 6
5 9
5 51
5 21
5 83
5 40
5 89
5 56
5 67
5 36
5 85
5 32
63 24
63 59
63 41
63 7
63 29
63 8
63 37
63 1
63 81
63 93
63 18
63 86
63 68
63 60
63 48
63 52
63 27
63 34
63 19
63 61
63 74
63 53
63 95
63 97
63 38
63 62
63 96
63 72
63 43
63 77
63 50
63 47
63 64
63 15
63 69
63 79
63 17
63 2
63 90
63 94
63 28
63 10
63 31
63 75
63 66
63 33
63 71
63 11
63 76
63 14
63 3
63 26
63 44
63 6
63 9
63 57
63 45
63 51
63 21
63 12
63 49
63 56
63 67
63 36
84 24
84 65
84 54
84 7
84 0
84 37
84 1
84 46
84 93
84 4
84 22
84 68
84 48
84 34
84 19
84 61
84 23
84 74
84 97
84 38
84 77
84 69
84 17
84 90
84 75
84 66
84 33
84 71
84 11
84 76
84 14
84 3
84 26
84 44
84 45
84 16
84 51
84 21
84 42
84 40
84 12
84 49
84 32
24 59
24 41
24 54
24 0
24 8
24 1
24 20
24 81
24 80
24 4
24 18
24 22
24 98
24 86
24 60
24 27
24 19
24 61
24 25
24 53
24 97
24 96
24 72
24 50
24 15
24 79
24 17
24 94
24 28
24 10
24 31
24 75
24 33
24 71
24 88
24 14
24 70
24 26
24 6
24 9
24 57
24 45
24 51
24 21
24 40
24 89
24 87
24 12
24 49
24 56
24 67
24 32
65 59
65 41
65 39
65 7
65 29
65 0
65 8
65 37
65 30
65 20
65 93
65 80
65 22
65 68
65 60
65 48
65 27
65 19
65 61
65 74
65 92
65 62
65 96
65 72
65 77
65 50
65 47
65 64
65 69
65 17
65 2
65 28
65 31
65 75
65 66
65 71
65 88
65 11
65 76
65 14
65 70
65 3
65 44
65 6
65 9
65 73
65 83
65 40
65 87
65 12
65 67
65 55
65 36
59 39
59 7
59 29
59 0
59 58
59 91
59 1
59 81
59 93
59 78
59 18
59 22
59 86
59 68
59 60
59 48
59 34
59 19
59 61
59 23
59 74
59 53
59 95
59 92
59 97
59 62
59 96
59 50
59 47
59 79
59 17
59 28
59 10
59 75
59 33
59 71
59 88
59 76
59 14
59 70
59 26
59 6
59 9
59 45
59 16
59 51
59 21
59 83
59 42
59 40
59 89
59 87
59 49
59 56
59 67
59 36
59 85
59 32
41 39
41 54
41 7
41 29
41 0
41 58
41 37
41 91
41 1
41 30
41 20
41 46
41 81
41 93
41 78
41 4
41 18
41 22
41 86
41 68
41 60
41 48
41 27
41 34
41 19
41 61
41 25
41 74
41 53
41 95
41 92
41 97
41 38
41 62
41 96
41 43
41 77
41 50
41 47
41 64
41 15
41 69
41 79
41 17
41 2
41 90
41 94
41 28
41 10
41 75
41 66
41 33
41 71
41 76
41 14
41 70
41 3
41 26
41 6
41 9
41 57
41 45
41 16
41 51
41 21
41 83
41 40
41 89
41 87
41 12
41 49
41 56
41 67
41 85
41 32
39 54
39 0
39 58
39 37
39 30
39 46
39 4
39 98
39 68
39 48
39 34
39 23
39 53
39 38
39 62
39 96
39 43
39 77
39 50
39 69
39 94
39 10
39 33
39 71
39 11
39 76
39 70
39 3
39 6
39 57
39 16
39 83
39 42
39 40
39 12
39 49
54 29
54 0
54 8
54 58
54 91
54 1
54 20
54 46
54 81
54 93
54 80
54 22
54 86
54 48
54 27
54 34
54 19
54 61
54 23
54 25
54 74
54 53
54 95
54 92
54 97
54 62
54 96
54 72
54 50
54 47
54 64
54 15
54 17
54 94
54 28
54 10
54 33
54 71
54 88
54 11
54 76
54 14
54 70
54 26
54 9
54 16
54 51
54 21
54 40
54 89
54 87
54 49
54 56
54 67
54 36
54 32
7 0
7 8
7 58
7 91
7 30
7 81
7 93
7 18
7 22
7 98
7 86
7 68
7 48
7 52
7 61
7 23
7 25
7 53
7 95
7 38
7 62
7 72
7 64
7 79
7 17
7 2
7 90
7 94
7 28
7 10
7 31
7 71
7 88
7 11
7 14
7 70
7 3
7 44
7 9
7 57
7 45
7 16
7 21
7 73
7 83
7 89
7 12
7 67
7 55
7 36
7 32
29 0
29 8
29 37
29 91
29 1
29 20
29 81
29 93
29 78
29 4
29 18
29 86
29 68
29 60
29 48
29 27
29 34
29 19
29 61
29 25
29 74
29 53
29 95
29 62
29 96
29 43
29 50
29 47
29 64
29 15
29 69
29 79
29 17
29 90
29 94
29 28
29 10
29 75
29 33
29 71
29 11
29 14
29 70
29 26
29 44
29 6
29 9
29 45
29 51
29 21
29 40
29 89
29 12
29 49
29 56
29 67
29 36
29 32
0 58
0 37
0 91
0 1
0 30
0 20
0 46
0 81
0 93
0 78
0 18
0 22
0 86
0 68
0 60
0 52
0 27
0 34
0 19
0 61
0 23
0 74
0 53
0 95
0 62
0 96
0 43
0 77
0 64
0 15
0 69
0 79
0 17
0 94
0 28
0 10
0 75
0 33
0 71
0 11
0 14
0 70
0 44
0 6
0 9
0 57
0 45
0 16
0 51
0 21
0 73
0 83
0 42
0 40
0 89
0 12
0 49
0 56
0 67
0 55
0 36
0 85
0 32
8 37
8 1
8 46
8 81
8 4
8 68
8 48
8 52
8 27
8 34
8 74
8 53
8 97
8 38
8 43
8 47
8 17
8 94
8 10
8 66
8 71
8 76
8 14
8 44
8 57
8 45
8 16
8 42
8 49
8 67
8 55
8 85
58 37
58 91
58 1
58 20
58 93
58 78
58 18
58 22
58 86
58 60
58 34
58 19
58 61
58 23
58 25
58 74
58 53
58 95
58 97
58 96
58 77
58 50
58 47
58 79
58 17
58 28
58 10
58 75
58 66
58 71
58 88
58 14
58 70
58 3
58 26
58 44
58 6
58 57
58 51
58 73
58 87
58 12
58 56
58 67
58 55
58 85
58 32
37 30
37 93
37 80
37 18
37 60
37 52
37 27
37 19
37 61
37 23
37 53
37 92
37 97
37 38
37 72
37 43
37 77
37 47
37 69
37 17
37 90
37 94
37 28
37 10
37 75
37 71
37 76
37 70
37 3
37 26
37 44
37 6
37 57
37 16
37 51
37 21
37 73
37 83
37 87
37 49
37 67
37 55
37 36
37 85
91 1
91 93
91 78
91 4
91 18
91 22
91 98
91 86
91 68
91 60
91 48
91 19
91 61
91 53
91 95
91 62
91 96
91 50
91 47
91 15
91 79
91 17
91 28
91 10
91 75
91 33
91 71
91 88
91 11
91 76
91 14
91 70
91 26
91 44
91 6
91 9
91 57
91 45
91 51
91 21
91 83
91 40
91 89
91 12
91 49
91 56
91 67
91 55
91 36
91 32
1 20
1 46
1 81
1 78
1 4
1 18
1 22
1 98
1 86
1 60
1 48
1 27
1 34
1 19
1 61
1 25
1 53
1 95
1 92
1 97
1 62
1 96
1 72
1 43
1 77
1 50
1 47
1 15
1 69
1 79
1 17
1 90
1 28
1 10
1 75
1 66
1 33
1 71
1 11
1 76
1 14
1 70
1 3
1 9
1 45
1 16
1 51
1 21
1 42
1 40
1 87
1 12
1 49
1 56
1 67
1 36
1 85
1 32
30 20
30 46
30 4
30 68
30 27
30 34
30 61
30 23
30 74
30 38
30 62
30 96
30 43
30 77
30 50
30 47
30 15
30 94
30 88
30 14
30 70
30 44
30 6
30 16
30 21
30 42
30 89
30 87
30 12
30 67
30 36
30 85
30 32
20 93
20 80
20 4
20 18
20 60
20 48
20 34
20 61
20 25
20 74
20 95
20 96
20 43
20 77
20 50
20 47
20 64
20 15
20 69
20 79
20 17
20 2
20 90
20 94
20 28
20 10
20 66
20 33
20 76
20 70
20 3
20 26
20 6
20 45
20 16
20 21
20 83
20 42
20 40
20 89
20 56
20 67
20 55
20 32
46 81
46 93
46 80
46 18
46 22
46 68
46 60
46 48
46 27
46 61
46 23
46 95
46 92
46 97
46 38
46 72
46 50
46 47
46 64
46 15
46 17
46 90
46 94
46 28
46 10
46 71
46 88
46 76
46 70
46 3
46 26
46 57
46 51
46 21
46 73
46 83
46 42
46 49
46 56
46 67
46 55
46 36
46 32
81 93
81 80
81 78
81 18
81 22
81 98
81 86
81 68
81 60
81 48
81 27
81 19
81 61
81 23
81 74
81 53
81 95
81 97
81 62
81 96
81 43
81 50
81 47
81 15
81 79
81 17
81 90
81 28
81 10
81 75
81 66
81 33
81 71
81 88
81 76
81 14
81 70
81 26
81 6
81 9
81 57
81 45
81 51
81 21
81 83
81 40
81 89
81 56
81 67
81 85
93 80
93 4
93 86
93 68
93 60
93 48
93 52
93 27
93 19
93 61
93 25
93 74
93 53
93 95
93 97
93 38
93 62
93 96
93 43
93 50
93 47
93 15
93 79
93 17
93 90
93 28
93 10
93 75
93 66
93 33
93 71
93 88
93 11
93 76
93 70
93 26
93 6
93 9
93 57
93 45
93 51
93 21
93 83
93 42
93 40
93 89
93 12
93 49
93 56
93 67
93 36
93 85
93 32
80 68
80 48
80 27
80 34
80 61
80 74
80 53
80 77
80 50
80 69
80 79
80 17
80 94
80 75
80 66
80 33
80 76
80 14
80 26
80 44
80 16
80 42
80 40
80 49
80 56
80 85
78 4
78 18
78 68
78 60
78 48
78 52
78 27
78 19
78 61
78 25
78 74
78 53
78 95
78 62
78 96
78 69
78 79
78 17
78 2
78 90
78 28
78 10
78 31
78 75
78 71
78 88
78 11
78 14
78 70
78 26
78 44
78 6
78 9
78 51
78 21
78 42
78 40
78 89
78 12
78 49
78 56
78 67
78 36
78 32
4 18
4 22
4 98
4 86
4 60
4 52
4 27
4 61
4 23
4 25
4 92
4 97
4 38
4 96
4 72
4 43
4 47
4 15
4 79
4 17
4 90
4 10
4 75
4 33
4 88
4 76
4 14
4 70
4 3
4 26
4 6
4 57
4 45
4 16
4 51
4 83
4 42
4 89
4 67
18 22
18 86
18 60
18 48
18 52
18 27
18 34
18 19
18 61
18 23
18 25
18 74
18 53
18 95
18 38
18 62
18 96
18 77
18 50
18 47
18 15
18 69
18 79
18 17
18 94
18 10
18 75
18 33
18 76
18 3
18 26
18 6
18 9
18 51
18 21
18 83
18 40
18 89
18 49
18 56
18 67
18 36
18 32
22 98
22 86
22 68
22 60
22 48
22 34
22 19
22 23
22 25
22 74
22 53
22 95
22 97
22 38
22 62
22 96
22 43
22 77
22 50
22 47
22 15
22 79
22 17
22 2
22 94
22 10
22 31
22 75
22 66
22 33
22 71
22 11
22 76
22 14
22 70
22 3
22 44
22 6
22 45
22 16
22 51
22 21
22 83
22 42
22 40
22 89
22 49
22 56
22 36
22 85
22 32
98 68
98 48
98 23
98 25
98 74
98 43
98 77
98 47
98 69
98 94
98 28
98 31
98 66
98 71
98 76
98 14
98 3
98 44
98 9
98 57
98 16
98 51
98 42
98 49
98 85
98 32
86 60
86 48
86 34
86 19
86 61
86 23
86 53
86 95
86 38
86 62
86 96
86 43
86 77
86 50
86 47
86 15
86 17
86 90
86 94
86 10
86 66
86 71
86 76
86 14
86 70
86 3
86 6
86 57
86 45
86 16
86 51
86 21
86 73
86 40
86 89
86 87
86 56
86 67
86 55
86 85
86 32
68 60
68 48
68 27
68 34
68 19
68 61
68 23
68 25
68 92
68 97
68 96
68 72
68 50
68 47
68 64
68 15
68 69
68 17
68 2
68 28
68 10
68 31
68 75
68 71
68 11
68 14
68 3
68 6
68 57
68 45
68 21
68 73
68 83
68 40
68 89
68 87
68 12
68 56
68 67
68 55
68 36
68 32
60 27
60 34
60 19
60 61
60 23
60 25
60 53
60 95
60 97
60 38
60 62
60 96
60 43
60 50
60 47
60 64
60 15
60 79
60 17
60 2
60 90
60 28
60 10
60 75
60 33
60 71
60 11
60 76
60 14
60 70
60 3
60 44
60 6
60 9
60 16
60 51
60 21
60 83
60 40
60 89
60 87
60 12
60 56
60 67
60 55
60 36
60 85
60 32
48 34
48 19
48 61
48 25
48 74
48 53
48 95
48 97
48 38
48 62
48 96
48 72
48 43
48 77
48 50
48 15
48 69
48 79
48 17
48 28
48 10
48 75
48 66
48 33
48 71
48 88
48 11
48 76
48 14
48 70
48 26
48 44
48 6
48 9
48 57
48 45
48 16
48 51
48 21
48 73
48 83
48 42
48 40
48 89
48 12
48 49
48 56
48 67
48 36
48 85
48 32
52 34
52 61
52 74
52 95
52 38
52 62
52 43
52 64
52 69
52 79
52 28
52 75
52 88
52 76
52 70
52 44
52 42
52 40
52 87
52 12
52 49
52 67
52 85
27 34
27 19
27 61
27 23
27 53
27 95
27 92
27 38
27 62
27 96
27 77
27 50
27 47
27 15
27 69
27 79
27 17
27 94
27 28
27 10
27 31
27 33
27 11
27 14
27 3
27 6
27 9
27 57
27 45
27 51
27 21
27 40
27 87
27 12
27 56
27 67
27 55
34 61
34 23
34 25
34 95
34 97
34 62
34 96
34 43
34 47
34 64
34 79
34 17
34 2
34 90
34 94
34 28
34 10
34 31
34 33
34 71
34 88
34 14
34 70
34 3
34 26
34 9
34 57
34 51
34 21
34 73
34 42
34 40
34 56
34 67
34 55
19 61
19 25
19 53
19 95
19 92
19 97
19 62
19 96
19 43
19 77
19 50
19 47
19 69
19 79
19 2
19 33
19 71
19 11
19 76
19 14
19 70
19 6
19 9
19 57
19 51
19 21
19 40
19 89
19 49
19 56
19 67
19 55
19 36
19 32
61 23
61 25
61 53
61 95
61 38
61 62
61 96
61 43
61 77
61 50
61 47
61 15
61 69
61 79
61 90
61 94
61 28
61 75
61 66
61 33
61 11
61 76
61 14
61 70
61 26
61 44
61 6
61 9
61 57
61 45
61 16
61 51
61 21
61 83
61 42
61 89
61 87
61 12
61 49
61 56
61 67
61 55
61 36
61 85
61 32
23 25
23 74
23 53
23 95
23 77
23 47
23 15
23 69
23 17
23 94
23 10
23 75
23 66
23 76
23 70
23 44
23 16
23 51
23 21
23 42
23 40
23 89
23 49
23 36
23 85
23 32
25 74
25 53
25 95
25 62
25 96
25 72
25 43
25 47
25 15
25 17
25 90
25 94
25 28
25 75
25 66
25 33
25 76
25 14
25 26
25 6
25 9
25 45
25 51
25 21
25 73
25 83
25 42
25 89
25 12
25 49
25 67
25 55
25 36
25 32
74 95
74 62
74 96
74 72
74 77
74 50
74 47
74 64
74 15
74 17
74 2
74 90
74 28
74 10
74 31
74 33
74 71
74 14
74 70
74 3
74 26
74 6
74 9
74 57
74 45
74 16
74 21
74 73
74 83
74 89
74 87
74 49
74 56
74 67
74 55
74 32
53 95
53 92
53 97
53 38
53 62
53 96
53 50
53 15
53 69
53 79
53 17
53 2
53 94
53 28
53 31
53 75
53 33
53 71
53 11
53 76
53 14
53 70
53 44
53 6
53 9
53 45
53 16
53 51
53 21
53 83
53 42
53 40
53 89
53 56
53 67
53 36
53 85
53 32
95 38
95 62
95 96
95 43
95 77
95 50
95 15
95 79
95 17
95 94
95 10
95 66
95 71
95 88
95 76
95 14
95 70
95 26
95 44
95 6
95 9
95 45
95 16
95 51
95 21
95 83
95 42
95 40
95 89
95 49
95 55
95 85
92 38
92 62
92 72
92 77
92 50
92 15
92 69
92 79
92 94
92 28
92 75
92 66
92 33
92 71
92 11
92 70
92 6
92 45
92 16
92 51
92 21
92 42
92 49
92 56
92 85
92 32
97 38
97 96
97 77
97 50
97 47
97 15
97 79
97 17
97 90
97 94
97 28
97 10
97 31
97 66
97 33
97 71
97 14
97 70
97 3
97 6
97 9
97 57
97 16
97 51
97 21
97 40
97 89
97 87
97 12
97 56
97 67
97 85
38 96
38 72
38 43
38 47
38 64
38 15
38 69
38 2
38 94
38 10
38 31
38 71
38 88
38 14
38 70
38 3
38 6
38 9
38 57
38 16
38 51
38 21
38 40
38 89
38 87
38 67
38 55
38 85
38 32
62 96
62 43
62 77
62 50
62 47
62 15
62 69
62 79
62 17
62 2
62 94
62 28
62 10
62 75
62 66
62 33
62 71
62 14
62 70
62 6
62 9
62 57
62 45
62 16
62 51
62 21
62 42
62 40
62 89
62 12
62 56
62 67
62 55
62 36
62 85
62 32
96 43
96 77
96 50
96 47
96 64
96 15
96 69
96 79
96 2
96 94
96 28
96 10
96 33
96 11
96 76
96 70
96 26
96 44
96 9
96 45
96 16
96 51
96 73
96 83
96 42
96 40
96 89
96 87
96 49
96 56
96 67
96 55
96 36
96 32
72 43
72 77
72 50
72 47
72 15
72 69
72 17
72 94
72 11
72 14
72 70
72 26
72 44
72 6
72 45
72 73
72 83
72 42
72 12
72 85
43 77
43 47
43 79
43 17
43 90
43 28
43 10
43 75
43 66
43 33
43 71
43 76
43 70
43 3
43 9
43 16
43 51
43 21
43 42
43 40
43 89
43 12
43 56
43 55
43 36
43 85
43 32
77 69
77 17
77 2
77 28
77 10
77 31
77 75
77 88
77 14
77 70
77 3
77 26
77 9
77 57
77 51
77 21
77 73
77 83
77 42
77 89
77 87
77 12
77 56
77 67
77 55
77 32
50 47
50 69
50 79
50 17
50 90
50 94
50 28
50 10
50 75
50 66
50 33
50 71
50 76
50 14
50 70
50 26
50 6
50 9
50 57
50 45
50 16
50 21
50 42
50 40
50 87
50 56
50 67
50 55
50 36
50 32
47 15
47 69
47 79
47 17
47 2
47 90
47 94
47 28
47 10
47 75
47 66
47 71
47 11
47 76
47 14
47 70
47 26
47 6
47 45
47 16
47 51
47 21
47 73
47 83
47 42
47 89
47 12
47 49
47 56
47 36
47 85
47 32
64 69
64 17
64 94
64 66
64 76
64 14
64 26
64 44
64 9
64 16
64 51
64 42
64 49
64 56
64 85
15 69
15 79
15 17
15 90
15 94
15 10
15 71
15 14
15 70
15 6
15 9
15 45
15 16
15 83
15 42
15 89
15 49
15 56
15 67
15 55
15 85
15 32
69 79
69 2
69 28
69 10
69 31
69 75
69 66
69 33
69 71
69 88
69 11
69 14
69 70
69 26
69 9
69 57
69 45
69 51
69 21
69 42
69 40
69 89
69 49
69 67
69 55
69 85
69 32
79 17
79 94
79 28
79 10
79 66
79 33
79 71
79 11
79 76
79 14
79 70
79 26
79 44
79 6
79 51
79 21
79 42
79 40
79 89
79 12
79 49
79 56
79 32
17 90
17 94
17 28
17 10
17 75
17 66
17 71
17 76
17 14
17 70
17 3
17 26
17 44
17 6
17 9
17 45
17 16
17 51
17 21
17 73
17 83
17 42
17 40
17 89
17 12
17 49
17 56
17 67
17 36
17 85
17 32
2 94
2 66
2 76
2 14
2 70
2 26
2 44
2 9
2 16
2 21
2 73
2 42
2 89
2 12
2 49
2 85
90 94
90 10
90 75
90 66
90 71
90 76
90 70
90 6
90 9
90 45
90 21
90 73
90 42
90 40
90 89
90 87
90 12
90 49
90 56
90 67
90 36
90 85
90 32
94 31
94 66
94 33
94 71
94 88
94 11
94 76
94 70
94 44
94 57
94 16
94 51
94 21
94 73
94 87
94 12
94 49
94 56
94 55
94 36
28 10
28 31
28 33
28 71
28 11
28 76
28 14
28 70
28 44
28 6
28 9
28 45
28 51
28 21
28 42
28 40
28 89
28 87
28 12
28 49
28 56
28 67
28 55
28 32
10 75
10 66
10 33
10 71
10 88
10 11
10 14
10 70
10 26
10 6
10 9
10 57
10 45
10 16
10 51
10 21
10 73
10 83
10 40
10 89
10 12
10 49
10 56
10 67
10 55
10 36
10 85
10 32
31 75
31 66
31 71
31 88
31 11
31 76
31 9
31 45
31 83
31 42
31 12
31 49
31 67
31 85
31 32
75 71
75 11
75 76
75 14
75 26
75 6
75 9
75 57
75 45
75 51
75 21
75 73
75 83
75 40
75 89
75 12
75 56
75 67
75 55
75 36
75 85
66 33
66 71
66 88
66 11
66 14
66 70
66 3
66 44
66 57
66 45
66 51
66 21
66 73
66 40
66 89
66 87
66 55
66 36
33 71
33 88
33 76
33 14
33 70
33 26
33 6
33 9
33 45
33 51
33 21
33 73
33 42
33 40
33 89
33 56
33 67
33 32
71 11
71 76
71 14
71 70
71 26
71 45
71 51
71 21
71 83
71 42
71 40
71 89
71 87
71 12
71 49
71 56
71 67
71 36
71 85
88 11
88 26
88 9
88 16
88 42
88 49
88 67
88 85
11 76
11 70
11 44
11 6
11 45
11 51
11 21
11 73
11 40
11 89
11 12
11 56
11 67
11 85
76 70
76 3
76 26
76 9
76 57
76 16
76 21
76 73
76 42
76 40
76 89
76 87
76 49
76 67
76 36
76 85
14 70
14 44
14 6
14 9
14 51
14 21
14 42
14 40
14 89
14 87
14 49
14 56
14 36
14 32
70 3
70 44
70 6
70 45
70 51
70 83
70 42
70 40
70 89
70 87
70 49
70 56
70 67
70 36
70 85
70 32
3 9
3 83
3 12
3 49
3 56
3 55
3 85
3 32
26 44
26 6
26 21
26 42
26 40
26 89
26 87
26 12
26 56
26 67
26 32
44 9
44 16
44 21
44 73
44 83
44 40
44 87
44 12
44 56
44 67
44 55
6 9
6 45
6 51
6 21
6 40
6 89
6 87
6 12
6 49
6 56
6 36
6 85
6 32
9 57
9 16
9 51
9 73
9 83
9 42
9 40
9 87
9 12
9 49
9 56
9 67
9 36
9 85
9 32
57 45
57 16
57 51
57 21
57 42
57 40
57 89
57 12
57 49
57 67
57 85
45 16
45 51
45 73
45 83
45 42
45 89
45 12
45 56
45 67
45 36
45 85
45 32
16 21
16 40
16 89
16 12
16 56
16 55
16 36
51 21
51 73
51 83
51 40
51 89
51 12
51 56
51 67
51 85
51 32
21 73
21 83
21 42
21 40
21 89
21 12
21 49
21 56
21 67
21 55
21 36
21 85
21 32
73 83
73 42
73 89
73 12
73 55
73 85
83 42
83 87
83 12
83 49
83 67
83 32
42 89
42 87
42 67
42 55
42 36
42 85
40 89
40 87
40 12
40 56
40 67
40 85
40 32
89 12
89 56
89 67
89 55
89 36
89 32
87 12
87 49
87 56
87 85
12 49
12 56
12 67
12 55
49 32
56 67
56 55
56 36
56 85
56 32
67 36
67 85
67 32
55 36
55 85
55 32
36 32
